10
100
643.74 -310.91 1.00
-956.34 969.15 1.00
-28.10 397.71 1.00
307.89 783.36 1.00
794.09 -170.30 1.00
-965.18 612.40 1.00
783.57 248.56 1.00
202.63 -261.68 1.00
-414.32 33.45 1.00
300.86 362.72 1.00
798.75 -174.37 1.00
-781.26 814.19 1.00
-670.39 786.12 1.00
965.30 -616.17 1.00
-607.24 517.75 1.00
-143.54 648.21 1.00
-176.94 99.44 1.00
731.88 896.12 1.00
-789.08 926.90 1.00
-37.89 487.18 1.00
-580.51 153.25 1.00
-954.03 -77.23 1.00
695.33 -977.04 1.00
300.03 230.43 1.00
-675.48 -283.00 1.00
112.55 917.05 1.00
250.04 874.21 1.00
330.63 -115.07 1.00
897.72 859.24 1.00
975.12 660.56 1.00
640.04 -353.66 1.00
-820.13 -308.28 1.00
-484.32 456.48 1.00
825.19 974.62 1.00
924.00 736.11 1.00
30.19 974.20 1.00
607.41 980.96 1.00
-527.00 87.51 1.00
-811.07 -407.58 1.00
905.76 969.33 1.00
849.51 -234.08 1.00
382.31 -647.51 1.00
995.67 -845.41 1.00
-644.85 -208.09 1.00
718.03 57.75 1.00
-634.84 41.88 1.00
-385.81 -177.51 1.00
-514.46 96.37 1.00
-449.44 665.38 1.00
181.31 -229.94 1.00
548.49 203.55 1.00
-681.97 920.56 1.00
-914.75 49.21 1.00
-330.91 272.24 1.00
267.55 -63.81 1.00
581.10 597.51 1.00
-43.33 689.11 1.00
99.63 798.54 1.00
-61.12 -895.37 1.00
399.10 -586.48 1.00
-808.65 -125.14 1.00
-758.46 422.59 1.00
630.37 119.83 1.00
-310.97 -121.63 1.00
997.63 -574.54 1.00
-214.40 -657.15 1.00
-353.37 -365.61 1.00
-734.77 -426.28 1.00
157.01 51.64 1.00
364.65 875.05 1.00
-412.95 -537.94 1.00
-915.44 -962.09 1.00
100.61 -559.61 1.00
-149.79 -25.31 1.00
101.72 377.20 1.00
-545.71 744.73 1.00
687.51 471.99 1.00
324.16 392.90 1.00
-541.11 820.81 1.00
-86.56 -330.44 1.00
-768.32 989.10 1.00
37.67 778.83 1.00
427.12 -758.08 1.00
-202.32 775.22 1.00
-926.32 764.24 1.00
-144.12 -43.18 1.00
879.65 170.67 1.00
118.49 387.83 1.00
509.20 258.17 1.00
-851.87 649.22 1.00
451.35 -799.79 1.00
-288.18 496.91 1.00
344.78 190.33 1.00
444.60 -56.56 1.00
-382.10 318.79 1.00
143.70 304.91 1.00
-301.92 91.07 1.00
-267.75 779.93 1.00
-139.15 886.61 1.00
52.63 870.34 1.00
100
592.88 -158.41 1.00
-656.16 -85.36 1.00
269.98 -919.35 1.00
-764.18 843.92 1.00
946.11 -67.27 1.00
970.49 481.40 1.00
787.77 797.92 1.00
946.96 -690.59 1.00
-848.00 -658.47 1.00
-343.15 407.34 1.00
337.55 -863.56 1.00
-829.58 -165.80 1.00
-454.27 670.27 1.00
85.22 473.24 1.00
289.83 277.54 1.00
439.77 -65.08 1.00
348.13 389.77 1.00
783.60 -420.34 1.00
-0.03 -49.19 1.00
-747.42 -381.09 1.00
-552.76 872.55 1.00
24.71 393.44 1.00
873.68 163.22 1.00
-616.81 321.52 1.00
-356.27 853.34 1.00
-957.20 727.37 1.00
391.61 -606.49 1.00
521.49 -390.33 1.00
-534.34 449.97 1.00
348.34 773.22 1.00
597.13 707.61 1.00
-385.28 -878.40 1.00
267.18 -627.71 1.00
394.14 781.61 1.00
533.25 -976.74 1.00
229.13 -970.78 1.00
710.89 310.51 1.00
-566.95 674.89 1.00
421.35 249.10 1.00
766.57 -921.86 1.00
-416.78 -619.14 1.00
348.49 266.02 1.00
-608.44 -360.93 1.00
478.93 -850.03 1.00
2.64 -957.90 1.00
-905.68 -471.01 1.00
-501.74 544.30 1.00
879.57 -839.60 1.00
-420.92 4.23 1.00
-785.57 -405.24 1.00
-170.52 -12.49 1.00
3.28 -839.84 1.00
188.01 -983.63 1.00
193.47 -395.11 1.00
606.62 -144.89 1.00
619.62 -978.88 1.00
-896.64 -554.18 1.00
-849.49 -126.12 1.00
-691.86 -612.63 1.00
-933.22 583.66 1.00
882.47 730.71 1.00
242.91 635.07 1.00
-767.22 -273.99 1.00
254.67 852.77 1.00
797.63 327.28 1.00
661.46 684.46 1.00
96.32 705.43 1.00
-451.46 39.90 1.00
203.28 -561.27 1.00
173.08 -318.96 1.00
-432.94 -465.83 1.00
161.16 -966.83 1.00
228.83 118.87 1.00
-990.62 145.61 1.00
821.80 -517.96 1.00
160.53 585.92 1.00
646.90 -965.20 1.00
-630.55 184.59 1.00
265.57 344.75 1.00
59.57 302.81 1.00
482.35 988.61 1.00
-896.68 742.02 1.00
-999.09 -231.79 1.00
691.66 -156.69 1.00
-144.06 -515.28 1.00
-664.26 64.26 1.00
76.86 691.30 1.00
-810.18 -202.04 1.00
-252.57 -883.65 1.00
-43.88 89.89 1.00
135.74 837.71 1.00
505.31 221.71 1.00
-511.89 -139.23 1.00
604.25 637.87 1.00
-814.78 523.32 1.00
-208.54 205.55 1.00
-163.54 576.31 1.00
-456.04 -978.95 1.00
942.82 -605.66 1.00
-843.09 763.01 1.00
100
196.04 727.50 1.00
-244.69 -425.49 1.00
-32.90 368.81 1.00
-928.90 -884.53 1.00
611.20 357.25 1.00
417.68 772.60 1.00
710.88 -79.94 1.00
741.90 -213.36 1.00
-86.38 -775.29 1.00
-980.79 -915.42 1.00
51.69 -168.99 1.00
44.79 -581.03 1.00
244.91 249.22 1.00
-275.14 -40.52 1.00
470.86 254.60 1.00
559.72 -169.63 1.00
525.15 -661.99 1.00
319.27 -4.47 1.00
580.07 -477.68 1.00
-463.70 -161.87 1.00
-218.97 -738.55 1.00
657.33 159.65 1.00
-672.67 -782.96 1.00
-288.94 -526.73 1.00
-871.97 -491.09 1.00
573.32 201.58 1.00
-938.94 218.63 1.00
-278.86 -943.68 1.00
-947.54 -733.00 1.00
-308.81 -121.65 1.00
136.08 158.84 1.00
706.07 952.21 1.00
916.44 -827.03 1.00
-349.90 -788.86 1.00
-688.43 395.31 1.00
441.75 -482.85 1.00
138.14 -221.56 1.00
434.71 933.95 1.00
-96.61 -447.63 1.00
554.28 -915.44 1.00
-296.81 -289.46 1.00
874.22 -911.74 1.00
419.37 -939.50 1.00
-277.32 -755.21 1.00
-122.27 690.56 1.00
890.03 543.09 1.00
-296.99 684.03 1.00
675.88 -470.92 1.00
-866.71 829.63 1.00
305.04 271.46 1.00
99.79 -739.86 1.00
-74.44 138.73 1.00
509.88 -215.92 1.00
-315.15 7.71 1.00
778.19 -668.61 1.00
927.45 -961.69 1.00
-29.79 789.37 1.00
892.44 -640.01 1.00
-88.36 -336.75 1.00
873.37 -340.86 1.00
725.87 -826.77 1.00
688.72 -849.14 1.00
372.37 179.79 1.00
-42.66 817.52 1.00
-610.23 -142.02 1.00
-235.29 493.20 1.00
-520.28 644.64 1.00
510.81 201.56 1.00
-602.53 -689.11 1.00
-96.35 -409.20 1.00
-561.22 -25.26 1.00
773.27 908.55 1.00
615.54 -624.76 1.00
892.01 58.33 1.00
319.82 -211.63 1.00
703.98 -995.46 1.00
432.52 -823.20 1.00
-575.76 -774.91 1.00
662.49 -253.75 1.00
643.70 740.10 1.00
765.25 268.45 1.00
118.23 938.37 1.00
-223.52 586.85 1.00
-221.76 63.37 1.00
460.34 -414.29 1.00
349.87 -118.92 1.00
586.43 -423.58 1.00
949.90 296.13 1.00
427.01 -748.73 1.00
-302.12 -614.60 1.00
-49.84 54.39 1.00
251.52 899.16 1.00
798.74 672.94 1.00
254.56 318.50 1.00
764.74 -171.43 1.00
931.31 831.80 1.00
-430.62 654.24 1.00
-405.34 883.69 1.00
924.02 717.57 1.00
-340.08 980.41 1.00
100
398.48 548.04 1.00
433.30 -633.34 1.00
120.54 -19.18 1.00
-188.12 286.59 1.00
949.95 -671.78 1.00
408.02 151.62 1.00
-875.60 -166.44 1.00
-557.01 -73.81 1.00
743.02 19.43 1.00
237.28 223.27 1.00
-89.71 -475.79 1.00
803.35 -979.91 1.00
40.54 306.45 1.00
-567.62 -743.43 1.00
-784.09 -484.80 1.00
-731.30 -972.40 1.00
574.57 902.69 1.00
-453.53 372.09 1.00
204.07 -885.65 1.00
-479.26 -194.89 1.00
822.89 35.97 1.00
209.82 456.59 1.00
-942.24 120.24 1.00
904.92 989.14 1.00
-2.61 663.39 1.00
122.48 -383.61 1.00
-724.76 -295.20 1.00
752.31 131.31 1.00
-91.00 248.80 1.00
265.13 639.31 1.00
-968.27 -685.54 1.00
998.94 -113.58 1.00
-272.01 897.61 1.00
711.53 -882.57 1.00
-422.59 68.72 1.00
666.09 -352.49 1.00
-412.07 940.54 1.00
27.03 657.76 1.00
387.23 -161.38 1.00
-991.75 511.13 1.00
-127.50 -955.63 1.00
-86.99 -941.64 1.00
-303.95 979.99 1.00
-701.71 -421.29 1.00
-353.39 -833.61 1.00
-341.32 706.17 1.00
581.84 -302.63 1.00
800.14 520.59 1.00
586.82 -276.55 1.00
-950.68 142.86 1.00
-586.78 344.07 1.00
187.87 803.34 1.00
-647.90 431.03 1.00
687.59 -431.14 1.00
-992.83 990.91 1.00
-738.01 925.18 1.00
278.10 -423.13 1.00
-95.35 670.77 1.00
475.43 273.99 1.00
-377.12 -970.25 1.00
-138.78 -492.17 1.00
662.22 465.54 1.00
709.62 190.44 1.00
-283.63 896.29 1.00
-858.99 604.52 1.00
928.68 -341.07 1.00
754.00 -9.19 1.00
-925.38 534.19 1.00
611.76 -106.79 1.00
-476.97 -717.02 1.00
632.19 24.64 1.00
-654.06 326.63 1.00
-45.69 581.36 1.00
-763.83 559.56 1.00
727.24 532.87 1.00
-869.42 93.37 1.00
-335.45 -25.65 1.00
881.84 856.04 1.00
-762.70 599.85 1.00
198.54 -827.39 1.00
970.24 -858.45 1.00
732.96 -417.02 1.00
-341.95 -296.93 1.00
-18.68 -846.98 1.00
261.93 609.87 1.00
724.80 -123.17 1.00
-173.56 -439.69 1.00
398.24 -141.04 1.00
835.14 -294.77 1.00
-193.08 395.80 1.00
714.96 -917.67 1.00
705.07 719.54 1.00
-199.19 959.75 1.00
73.66 -30.76 1.00
406.94 575.99 1.00
-424.61 415.25 1.00
-764.65 589.39 1.00
864.36 -542.06 1.00
-526.83 976.71 1.00
-180.64 -672.07 1.00
100
60.67 -98.41 1.00
6.00 -916.64 1.00
641.82 733.17 1.00
842.67 -268.26 1.00
-175.31 21.58 1.00
-432.97 407.90 1.00
-317.66 760.65 1.00
947.78 -616.75 1.00
-990.66 -916.66 1.00
-517.13 -445.02 1.00
-110.29 589.71 1.00
308.80 4.09 1.00
556.32 -70.98 1.00
634.30 -477.94 1.00
-621.67 -551.46 1.00
96.45 595.46 1.00
-825.96 -94.12 1.00
-546.57 -577.48 1.00
-188.07 -665.06 1.00
-174.60 415.70 1.00
469.75 -611.88 1.00
-174.40 -831.16 1.00
-634.63 917.38 1.00
178.51 -553.87 1.00
-940.58 273.93 1.00
927.79 -703.68 1.00
282.69 444.18 1.00
-915.18 581.91 1.00
-438.05 816.81 1.00
237.24 247.94 1.00
910.70 -384.05 1.00
897.14 -167.92 1.00
-845.24 -106.95 1.00
-864.47 380.75 1.00
-612.75 968.21 1.00
-551.58 974.29 1.00
-738.21 -35.80 1.00
-299.95 929.74 1.00
959.29 -861.72 1.00
-417.75 -501.16 1.00
-57.55 826.43 1.00
801.27 -880.43 1.00
964.38 -164.11 1.00
-927.63 541.83 1.00
468.35 627.54 1.00
674.29 -568.55 1.00
9.14 -138.05 1.00
-273.42 -41.86 1.00
-351.26 -239.74 1.00
115.74 419.92 1.00
63.91 647.65 1.00
696.63 770.10 1.00
446.41 841.97 1.00
-474.68 -165.09 1.00
-229.37 223.60 1.00
-394.12 -652.74 1.00
-858.09 -952.81 1.00
-108.15 378.59 1.00
-568.85 467.86 1.00
487.66 -618.68 1.00
-984.56 -637.00 1.00
148.81 899.37 1.00
-827.40 143.50 1.00
579.88 -178.21 1.00
-397.00 -487.38 1.00
938.88 974.36 1.00
394.17 -497.23 1.00
-845.50 883.19 1.00
263.30 -815.12 1.00
-722.68 -662.55 1.00
673.43 -798.92 1.00
-83.27 -405.80 1.00
49.59 -281.38 1.00
-795.11 -289.36 1.00
849.21 -805.61 1.00
251.59 169.43 1.00
-566.02 737.84 1.00
-187.80 696.08 1.00
351.86 -539.92 1.00
180.66 -237.04 1.00
-650.17 615.70 1.00
406.30 -965.08 1.00
-29.09 758.78 1.00
655.92 548.26 1.00
205.95 -392.28 1.00
641.54 778.45 1.00
112.90 243.92 1.00
568.56 -774.73 1.00
823.58 -363.02 1.00
955.96 75.80 1.00
896.41 -763.78 1.00
448.34 -534.13 1.00
-807.03 -39.74 1.00
1.94 -52.11 1.00
353.35 729.29 1.00
-220.00 768.87 1.00
-834.32 591.10 1.00
607.51 559.02 1.00
417.18 -523.03 1.00
22.84 -476.71 1.00
100
-449.59 194.05 1.00
21.49 352.92 1.00
-770.81 727.12 1.00
-640.71 16.79 1.00
-11.75 380.54 1.00
-472.51 -725.49 1.00
-753.11 690.34 1.00
-956.80 -711.87 1.00
217.45 713.01 1.00
-423.85 571.83 1.00
880.60 -539.67 1.00
377.87 681.08 1.00
-891.29 249.75 1.00
-797.90 -884.74 1.00
-607.86 -883.28 1.00
-956.16 -203.70 1.00
-538.88 -417.60 1.00
667.40 1.76 1.00
215.06 -139.01 1.00
888.71 458.68 1.00
-181.47 -522.92 1.00
158.23 909.92 1.00
-239.21 712.24 1.00
515.57 651.56 1.00
-714.46 477.17 1.00
-959.38 -418.32 1.00
826.41 511.49 1.00
-649.65 -588.39 1.00
-772.92 102.67 1.00
377.55 -124.02 1.00
-341.17 869.27 1.00
-583.77 -781.96 1.00
127.71 544.84 1.00
976.77 -741.94 1.00
413.24 589.27 1.00
-861.24 -194.54 1.00
-112.28 -666.59 1.00
191.13 -795.47 1.00
-224.65 -485.28 1.00
-589.52 429.00 1.00
995.13 395.92 1.00
497.14 353.08 1.00
-220.87 -428.15 1.00
-19.31 0.15 1.00
669.34 -447.72 1.00
186.26 135.44 1.00
323.26 -565.20 1.00
-549.55 651.24 1.00
158.49 -893.79 1.00
-157.96 614.34 1.00
676.50 -346.65 1.00
240.10 584.18 1.00
249.27 2.05 1.00
9.10 -814.15 1.00
760.27 853.77 1.00
802.41 693.50 1.00
-423.24 -737.93 1.00
859.51 -149.80 1.00
912.88 -493.05 1.00
791.91 786.53 1.00
-2.86 839.67 1.00
-881.86 -659.25 1.00
-200.14 414.77 1.00
279.51 -231.64 1.00
711.01 -489.56 1.00
139.59 439.19 1.00
-713.44 -844.47 1.00
864.10 111.62 1.00
512.62 -105.32 1.00
-193.51 -268.10 1.00
520.80 -185.20 1.00
731.86 531.60 1.00
983.64 156.13 1.00
456.83 -605.42 1.00
167.07 -40.81 1.00
-72.99 847.28 1.00
-122.86 -586.21 1.00
-410.14 -121.00 1.00
343.01 -786.87 1.00
-235.89 182.01 1.00
697.88 -347.02 1.00
169.42 890.73 1.00
939.78 421.95 1.00
484.39 -639.51 1.00
-443.56 41.03 1.00
177.36 609.90 1.00
334.30 -191.35 1.00
-143.69 -61.49 1.00
-611.62 -623.97 1.00
925.40 -929.10 1.00
646.62 -619.41 1.00
-104.02 -692.18 1.00
757.14 150.11 1.00
874.47 -796.37 1.00
459.45 730.94 1.00
-209.10 960.92 1.00
-702.57 -191.41 1.00
-667.73 394.92 1.00
282.19 -241.73 1.00
-445.34 -900.17 1.00
100
841.89 699.33 1.00
193.60 892.97 1.00
-953.78 655.25 1.00
-668.85 968.40 1.00
893.55 860.94 1.00
518.02 852.93 1.00
714.43 728.38 1.00
130.62 608.39 1.00
876.39 -213.22 1.00
139.45 -99.17 1.00
-692.69 -558.60 1.00
-894.26 970.04 1.00
-257.58 954.24 1.00
-826.71 -85.19 1.00
944.59 110.72 1.00
-93.27 -999.51 1.00
778.02 -360.64 1.00
344.67 664.15 1.00
464.61 445.57 1.00
-915.69 -792.28 1.00
459.90 -813.30 1.00
172.01 949.61 1.00
497.30 -491.49 1.00
240.89 -850.83 1.00
-507.06 -603.51 1.00
651.30 1.73 1.00
264.91 -39.82 1.00
320.79 344.05 1.00
278.89 795.44 1.00
347.14 798.76 1.00
-52.29 928.09 1.00
797.10 431.82 1.00
202.84 -438.98 1.00
-176.60 226.02 1.00
-591.78 612.30 1.00
-546.35 98.12 1.00
-933.41 150.31 1.00
-699.81 284.07 1.00
-633.03 483.26 1.00
-175.96 -719.54 1.00
-242.68 286.78 1.00
-116.01 -362.92 1.00
85.87 -264.09 1.00
-838.17 -241.63 1.00
-587.52 -738.06 1.00
71.76 -827.55 1.00
-212.14 -312.62 1.00
-581.87 669.02 1.00
-575.97 -664.38 1.00
-77.34 -812.70 1.00
-591.68 -623.81 1.00
863.29 -744.90 1.00
453.07 988.40 1.00
-822.19 -456.19 1.00
516.21 51.17 1.00
-902.53 -878.67 1.00
683.00 -297.58 1.00
484.13 98.43 1.00
-774.98 366.04 1.00
-502.61 -578.24 1.00
949.81 799.57 1.00
91.83 -639.57 1.00
797.43 -885.64 1.00
-439.28 -605.32 1.00
396.26 -581.58 1.00
-133.63 722.93 1.00
-101.91 -223.77 1.00
-312.57 401.43 1.00
135.60 773.76 1.00
-151.94 -177.56 1.00
83.17 -873.47 1.00
143.97 480.26 1.00
755.03 354.54 1.00
-620.13 -414.74 1.00
-890.81 -244.80 1.00
-689.57 -720.28 1.00
-168.76 962.98 1.00
918.61 526.85 1.00
-153.59 -319.79 1.00
-476.26 -729.19 1.00
-590.92 876.09 1.00
853.13 -398.27 1.00
-831.02 724.40 1.00
-345.34 -227.85 1.00
856.44 -861.56 1.00
863.12 -890.15 1.00
-801.58 796.21 1.00
-624.55 -197.14 1.00
851.09 -416.84 1.00
-997.40 -563.46 1.00
-355.71 -160.97 1.00
568.25 -149.65 1.00
429.67 99.31 1.00
475.21 149.80 1.00
-87.30 -343.78 1.00
-616.03 559.75 1.00
-378.10 -275.18 1.00
-997.83 57.87 1.00
769.64 -226.28 1.00
413.98 926.19 1.00
100
226.31 644.19 1.00
379.00 -564.48 1.00
627.33 917.56 1.00
-103.23 -584.02 1.00
-491.93 856.35 1.00
804.61 -561.48 1.00
826.52 -562.03 1.00
437.82 976.60 1.00
789.88 780.71 1.00
123.10 865.95 1.00
246.39 267.96 1.00
-749.29 -629.73 1.00
652.87 -757.40 1.00
327.26 -420.72 1.00
-692.84 378.99 1.00
-830.75 -544.89 1.00
-0.62 -271.47 1.00
828.39 548.17 1.00
-927.32 -430.28 1.00
-20.58 -105.25 1.00
-517.88 35.52 1.00
-150.46 -633.70 1.00
-791.96 -291.19 1.00
315.26 -646.28 1.00
-355.05 -406.97 1.00
269.43 658.52 1.00
995.61 -16.93 1.00
-704.52 176.35 1.00
940.25 456.40 1.00
-130.89 -424.96 1.00
777.58 635.31 1.00
-702.22 447.31 1.00
297.96 260.11 1.00
-774.77 -201.50 1.00
927.45 723.53 1.00
292.18 -759.43 1.00
-402.58 -276.99 1.00
939.36 439.60 1.00
569.46 -308.15 1.00
729.55 -685.92 1.00
-933.77 469.99 1.00
-793.51 751.46 1.00
84.01 251.25 1.00
-70.95 342.82 1.00
19.09 59.86 1.00
976.97 -656.97 1.00
416.70 -972.50 1.00
452.70 -136.68 1.00
877.03 -679.76 1.00
637.19 -361.08 1.00
18.37 -565.96 1.00
-183.82 171.41 1.00
452.56 -142.53 1.00
43.95 -818.36 1.00
939.06 -698.06 1.00
-279.36 173.38 1.00
635.09 285.14 1.00
611.02 205.78 1.00
-136.52 -591.99 1.00
902.82 -32.87 1.00
44.04 777.54 1.00
955.45 -840.40 1.00
160.53 613.39 1.00
377.22 -714.32 1.00
-573.43 -650.16 1.00
363.64 -539.66 1.00
438.60 -316.29 1.00
68.32 647.09 1.00
365.93 33.17 1.00
-790.27 -209.22 1.00
767.98 -144.20 1.00
356.70 -649.20 1.00
670.61 920.86 1.00
961.54 399.88 1.00
-47.49 -815.91 1.00
-922.33 966.17 1.00
-564.82 675.52 1.00
-328.42 462.83 1.00
-901.68 62.60 1.00
655.50 863.80 1.00
-690.60 -9.97 1.00
-389.65 889.34 1.00
125.42 -762.08 1.00
-157.06 404.16 1.00
466.19 979.23 1.00
-966.67 -153.16 1.00
774.29 -589.53 1.00
-870.35 138.56 1.00
903.67 68.16 1.00
-590.57 843.45 1.00
237.21 -282.16 1.00
41.76 -835.18 1.00
-75.65 -716.14 1.00
-733.05 105.10 1.00
290.80 -662.34 1.00
245.16 -731.24 1.00
-369.88 552.97 1.00
969.31 799.72 1.00
-521.35 -807.71 1.00
533.74 -239.10 1.00
100
-267.79 587.19 1.00
367.83 -207.49 1.00
-812.51 -698.91 1.00
-708.38 -30.06 1.00
40.32 -244.81 1.00
-301.52 384.05 1.00
-651.48 -999.11 1.00
-846.08 -716.18 1.00
913.84 -714.81 1.00
98.61 535.87 1.00
498.70 -45.41 1.00
652.68 -389.07 1.00
-370.10 96.94 1.00
-468.83 -181.68 1.00
-742.24 -21.42 1.00
-672.69 134.48 1.00
368.94 -865.14 1.00
799.02 -466.40 1.00
-30.51 -399.94 1.00
128.14 842.16 1.00
372.20 -642.35 1.00
450.64 898.47 1.00
609.55 -361.06 1.00
967.41 -198.45 1.00
-770.98 -11.45 1.00
-663.06 133.92 1.00
340.08 569.76 1.00
567.31 -436.67 1.00
367.78 -336.60 1.00
-834.40 -312.02 1.00
606.12 -22.48 1.00
584.35 35.51 1.00
-423.96 -239.82 1.00
-748.50 930.34 1.00
575.16 179.09 1.00
983.52 -117.80 1.00
125.67 -923.97 1.00
-621.28 -5.67 1.00
-516.47 -555.93 1.00
-281.96 554.73 1.00
878.26 480.27 1.00
-447.02 -999.88 1.00
121.73 -840.92 1.00
361.08 649.72 1.00
142.25 713.78 1.00
7.09 -680.33 1.00
210.80 -928.05 1.00
306.66 235.14 1.00
-690.66 -37.48 1.00
136.27 -609.43 1.00
938.94 -388.43 1.00
-315.23 585.65 1.00
688.19 141.70 1.00
987.65 326.18 1.00
-529.94 862.93 1.00
-838.69 80.08 1.00
-807.85 708.69 1.00
949.54 -477.30 1.00
-0.54 507.92 1.00
-402.28 -645.50 1.00
-47.16 633.48 1.00
380.37 -734.37 1.00
-7.92 -948.18 1.00
184.92 698.37 1.00
715.35 -332.70 1.00
-976.90 -244.03 1.00
-388.98 14.49 1.00
790.18 250.22 1.00
-497.45 529.92 1.00
515.92 250.69 1.00
-451.30 -27.04 1.00
585.18 -314.45 1.00
-783.64 -192.03 1.00
-368.69 -391.16 1.00
446.38 -951.96 1.00
-659.94 243.83 1.00
-250.55 275.52 1.00
-716.77 998.73 1.00
664.78 -86.78 1.00
970.77 655.21 1.00
-258.32 -606.92 1.00
440.86 954.94 1.00
746.79 240.80 1.00
368.54 690.82 1.00
-307.52 -633.13 1.00
-940.31 54.43 1.00
719.62 -30.23 1.00
672.60 958.94 1.00
-745.71 811.66 1.00
-196.09 -939.25 1.00
-932.19 155.67 1.00
-43.24 726.51 1.00
161.84 109.92 1.00
768.33 951.90 1.00
86.91 -72.92 1.00
-759.22 483.28 1.00
-503.26 688.47 1.00
947.28 -666.49 1.00
33.05 660.92 1.00
-344.36 -597.38 1.00
100
-942.71 672.32 1.00
522.36 -981.16 1.00
-18.40 -506.81 1.00
-591.96 -180.55 1.00
-106.57 -744.13 1.00
-717.01 -643.87 1.00
-442.86 -553.25 1.00
964.96 -691.05 1.00
-84.33 -89.65 1.00
666.67 -855.57 1.00
-633.61 985.33 1.00
-535.72 -268.83 1.00
965.62 167.66 1.00
297.83 -173.90 1.00
-210.22 -50.71 1.00
-704.75 -195.84 1.00
474.65 517.52 1.00
776.65 -359.88 1.00
309.97 503.42 1.00
176.07 872.07 1.00
-461.58 638.21 1.00
-399.67 -896.60 1.00
373.31 178.07 1.00
287.16 -16.88 1.00
-71.38 -533.44 1.00
-666.56 -629.52 1.00
687.82 251.04 1.00
819.16 -68.03 1.00
986.59 -286.50 1.00
-712.23 357.75 1.00
459.28 -189.04 1.00
-706.78 -882.40 1.00
718.87 774.72 1.00
-274.82 -934.64 1.00
-345.20 -147.26 1.00
-85.64 869.80 1.00
-823.54 -82.71 1.00
-888.40 972.86 1.00
-214.79 667.39 1.00
-313.79 -956.93 1.00
720.37 210.14 1.00
527.21 -102.05 1.00
-631.66 96.52 1.00
-796.33 -345.60 1.00
-769.78 238.94 1.00
-779.45 -24.39 1.00
-864.23 -816.12 1.00
883.51 740.92 1.00
-219.28 577.03 1.00
-589.89 692.97 1.00
140.53 -400.44 1.00
429.81 308.01 1.00
-427.29 158.66 1.00
124.76 871.58 1.00
242.82 -35.36 1.00
-440.90 778.19 1.00
266.69 727.51 1.00
412.52 653.51 1.00
-729.36 808.23 1.00
968.19 -597.07 1.00
557.15 -605.56 1.00
397.81 817.23 1.00
570.42 491.92 1.00
827.13 -984.89 1.00
246.02 414.15 1.00
553.73 -79.94 1.00
584.64 -188.81 1.00
-324.51 375.87 1.00
-929.19 -888.52 1.00
-265.55 881.09 1.00
-437.59 709.58 1.00
515.26 -776.51 1.00
-666.54 636.49 1.00
672.23 171.39 1.00
781.84 239.32 1.00
870.16 602.81 1.00
-724.84 -922.48 1.00
-841.08 -978.70 1.00
187.28 -492.41 1.00
390.53 -418.14 1.00
-1.34 823.42 1.00
128.85 -322.76 1.00
-459.47 -248.03 1.00
354.27 784.32 1.00
-757.24 -129.13 1.00
979.34 906.27 1.00
-600.97 97.75 1.00
784.19 -261.20 1.00
347.92 692.07 1.00
-348.61 880.35 1.00
22.46 -165.17 1.00
-760.45 -131.24 1.00
-548.72 561.82 1.00
-316.44 664.98 1.00
757.76 -56.17 1.00
68.72 526.95 1.00
258.13 -576.92 1.00
-962.10 -846.84 1.00
746.11 -57.39 1.00
202.09 489.38 1.00
