463 347
-1 1 1 -1 1 1 -1 -1 -1 -1 1 -1 1 -1 1 1 1 -1 -1 -1 1 1 1 1 -1 1 1 1 -1 -1 1 1 1 1 1 -1 -1 1 -1 -1 1 1 1 -1 1 -1 1 -1 -1 1 1 -1 -1 -1 1 1 1 -1 -1 1 -1 1 -1 1 -1 1 1 1 -1 -1 1 1 1 -1 -1 1 1 1 1 1 1 -1 1 1 -1 -1 -1 1 1 -1 1 1 -1 1 1 -1 1 -1 1 1 -1 1 1 -1 1 1 1 -1 -1 -1 -1 1 1 1 1 1 -1 1 1 1 -1 -1 -1 -1 1 1 -1 -1 -1 -1 -1 -1 1 1 -1 -1 -1 1 1 -1 -1 1 -1 1 -1 1 -1 -1 -1 1 1 -1 1 -1 -1 1 1 1 1 1 1 1 -1 -1 -1 -1 -1 -1 -1 1 1 -1 -1 1 1 1 -1 1 1 -1 1 1 1 -1 1 1 1 -1 -1 1 -1 1 -1 -1 1 1 -1 -1 1 -1 1 -1 -1 -1 1 1 1 1 1 -1 -1 -1 1 1 -1 -1 -1 -1 1 1 1 1 -1 1 1 -1 -1 1 -1 -1 -1 1 -1 -1 1 -1 -1 -1 1 1 1 1 1 -1 -1 1 1 1 1 -1 -1 -1 1 -1 -1 -1 -1 -1 1 -1 -1 1 -1 1 -1 1 1 -1 -1 -1 1 1 -1 -1 1 -1 1 -1 1 1 -1 1 1 1 -1 1 1 -1 -1 1 1 -1 -1 1 1 -1 -1 -1 -1 -1 1 1 1 1 1 1 1 1 1 1 -1 -1 -1 1 1 -1 1 1 1 1 -1 -1 1 -1 1 1 1 1 1 1 -1 -1 1 1 1 -1 -1 1 1 -1 -1 1 -1 -1 1 1 1 -1 -1 -1 1 -1 -1 -1 1 1 1 -1 -1 1 1 -1 1 -1 -1 1 1 -1 -1 -1 -1 -1 -1 -1 -1 1 -1 1 1 -1 1 -1 1 1 -1 -1 -1 -1 -1 1 1 1 1 -1 -1 1 1 1 -1 1 1 -1 1 1 1 -1 -1 1 1 1 1 1 1 -1 -1 -1 -1 1 -1 -1 -1 1 -1 1 1 -1 1 1 1 1 -1 -1 1 -1 -1 -1 -1 -1 1 1 -1 1 -1 1 1 1 1 -1 -1 1 -1 -1 -1 -1 1 -1 -1 -1 1 1 1 1 -1
179 453
91 392
293 441
289 445
83 215
398 422
200 290
373 430
369 440
260 364
23 116
47 130
258 380
267 372
66 311
300 361
244 463
222 390
82 293
218 221
329 338
165 350
28 240
74 216
333 396
291 418
160 337
128 259
62 427
36 274
108 301
256 284
107 385
188 399
177 408
52 154
40 447
223 390
174 241
173 439
218 440
302 377
97 313
215 450
332 424
170 435
68 429
349 425
149 350
238 284
93 148
76 463
362 389
10 139
99 159
23 27
135 324
403 447
328 420
144 288
115 289
67 457
81 418
141 415
277 410
369 378
268 377
156 166
13 339
16 286
34 38
168 312
72 426
28 151
5 290
26 289
120 194
200 356
307 322
51 136
427 429
215 232
53 81
108 240
123 419
236 452
258 334
156 405
17 220
143 221
22 343
141 220
73 112
51 394
101 130
93 240
240 455
4 324
72 432
28 243
15 265
136 190
272 346
203 251
105 362
134 383
353 447
56 234
2 458
160 305
111 270
46 397
102 432
49 347
2 111
85 375
190 275
173 221
157 183
86 229
219 287
270 323
93 108
36 283
262 369
68 298
190 406
113 291
336 374
195 349
337 433
106 238
38 244
111 410
32 394
217 340
199 424
197 242
2 406
236 263
22 70
212 330
12 154
96 213
26 98
73 290
107 242
21 22
141 318
248 307
172 183
175 306
92 371
85 93
24 320
45 67
100 107
112 430
180 260
381 459
208 277
55 243
25 263
53 251
94 404
286 300
11 450
129 252
92 387
55 115
121 243
159 342
126 228
24 164
16 82
3 194
436 463
198 232
19 235
175 250
86 286
172 446
270 300
234 361
223 288
12 176
120 344
228 347
103 180
81 195
274 358
198 357
140 420
91 192
51 158
77 154
248 310
116 310
254 258
13 191
78 198
366 371
252 305
254 432
46 407
12 337
30 245
368 450
169 384
178 252
219 428
116 239
387 425
181 354
77 215
4 372
448 448
236 374
289 339
378 406
384 426
124 417
32 207
110 302
374 461
264 303
91 426
78 349
226 431
152 240
44 148
28 155
133 239
132 438
288 352
249 382
202 314
43 232
152 408
244 318
218 324
158 286
235 308
71 345
121 377
131 222
87 443
112 333
36 307
324 417
202 369
394 416
115 458
59 336
116 321
87 181
44 418
177 352
58 190
133 277
65 352
331 407
151 276
153 360
107 119
199 394
19 347
129 133
1 341
365 372
290 452
89 333
265 406
306 395
33 64
119 385
237 302
163 426
49 290
60 342
396 453
77 125
336 379
258 388
159 379
205 296
96 321
248 438
180 360
104 280
110 417
25 256
161 346
105 129
188 450
93 446
178 233
218 224
148 186
237 322
55 329
152 376
400 424
31 61
290 340
134 243
160 332
42 209
204 338
147 190
236 303
124 457
247 385
59 105
107 380
161 342
30 245
247 379
140 307
121 429
254 358
54 383
297 302
37 96
350 416
123 400
393 429
212 246
15 314
28 420
369 395
292 350
109 249
249 440
93 97
388 450
307 350
183 214
20 320
206 393
330 435
39 112
433 459
34 284
10 61
404 414
416 429
